output
mape-ts1
[127.03773982 377.76535448 101.94123284 126.37218399 146.51827849
 180.7473249  197.84411268 211.56709524]
mape-ts2
[36.55704384 48.42553785 49.16971866 50.02674209 41.00548526 43.16349429
 42.14017047 36.36365334]
mape-ts3
[ 8.530108   11.81325803 18.03065788 28.70881071 40.22396588 51.20305959
 62.72541781 77.85637804]
msis-ts1
[ 1.43821851  2.29101938  2.46945451  3.74550696  5.34402876  7.81317756
 12.30963895 14.86744255]
msis-ts2
[ 8.91635074 10.61747258  8.4356214   6.22135386  7.09018367 11.09105811
  8.08463584  7.09142066]
msis-ts3
[2.06339364 2.28184823 3.09500349 4.06178784 5.20472876 6.46300516
 8.24345176 8.30124757]
